pop_size = 100
epochs = 200
now_time: 2024_03_19_18_29_35
fit =[2623711.0547444583, 2623711.0547444583, 2434685.4894776, 2395183.9814201146, 2229994.9508139296, 2072220.888546596, 1980243.3298391984, 1980243.3298391984, 1912165.4733747644, 1659316.2283982886, 1613264.9970199, 1533866.8102798609, 1357268.5052812907, 1334234.8176866672, 1151202.08552256, 1055399.2065979932, 987097.3283641653, 987097.3283641653, 784965.8515800162, 784965.8515800162, 701809.6393487044, 701809.6393487044, 653219.4171736992, 633319.9476074073, 633319.9476074073, 521756.31309002807, 521756.31309002807, 521756.31309002807, 501048.1530661492, 447907.88407979027, 426077.91677138384, 406994.58610402414, 406994.58610402414, 382878.13031710446, 382878.13031710446, 353778.59466728533, 348934.4377567548, 348934.4377567548, 346610.11566323484, 346610.11566323484, 346610.11566323484, 343255.6994608922, 343255.6994608922, 337179.930450241, 337179.930450241, 332813.7270466029, 321666.1978726414, 321666.1978726414, 321666.1978726414, 321666.1978726414, 321666.1978726414, 321666.1978726414, 321666.1978726414, 321666.1978726414, 318832.391936362, 318832.391936362, 314078.0461997811, 314078.0461997811, 314078.0461997811, 310606.9155091959, 310606.9155091959, 308516.03263592353, 308516.03263592353, 308516.03263592353, 308516.03263592353, 308516.03263592353, 307252.29478210525, 307252.29478210525, 303097.15548983566, 300886.1880322017, 300886.1880322017, 300886.1880322017, 300886.1880322017, 300886.1880322017, 300886.1880322017, 300886.1880322017, 300886.1880322017, 300886.1880322017, 298038.32997940615, 298038.32997940615, 298038.32997940615, 298038.32997940615, 298038.32997940615, 298038.32997940615, 298038.32997940615, 298038.32997940615, 298038.32997940615, 298038.32997940615, 298038.32997940615, 298038.32997940615, 298038.32997940615, 297813.93338970223, 297813.93338970223, 297767.0033565869, 297767.0033565869, 297767.0033565869, 297767.0033565869, 297540.14779855905, 297540.14779855905, 297274.5376989923, 297274.5376989923, 297274.5376989923, 297139.96943392494, 296954.0735430053, 296954.0735430053, 296954.0735430053, 296954.0735430053, 296954.0735430053, 296793.32225144154, 296793.32225144154, 296793.32225144154, 296582.7754403678, 296582.7754403678, 296582.7754403678, 296518.16621153103, 296518.16621153103, 295993.2160348836, 295993.2160348836, 295993.2160348836, 295993.2160348836, 295993.2160348836, 295993.2160348836, 295985.31483390153, 295985.31483390153, 295967.5404845748, 295967.5404845748, 295967.5404845748, 295967.5404845748, 295967.5404845748, 295894.8759147309, 295769.5722631975, 295769.5722631975, 295769.5722631975, 295769.5722631975, 295727.7498549576, 295727.7498549576, 295715.76951062935, 295715.76951062935, 295711.0201821019, 295689.49682144553, 295646.9417783048, 295646.9417783048, 295646.9417783048, 295607.33099878574, 295607.33099878574, 295513.56299462577, 295513.56299462577, 295513.56299462577, 295513.56299462577, 295414.35523043165, 295399.86911768134, 295290.80766074895, 295290.80766074895, 295154.9974752229, 295154.9974752229, 295154.9974752229, 295002.5511604923, 295002.5511604923, 295001.2977504562, 295001.2977504562, 294979.5841895289, 294979.5841895289, 294979.5841895289, 294979.5841895289, 294979.5841895289, 294849.59491720184, 294849.59491720184, 294849.59491720184, 294849.59491720184, 294849.59491720184, 294849.59491720184, 294849.59491720184, 294845.467570319, 294845.467570319, 294845.467570319, 294845.467570319, 294716.36334767693, 294716.36334767693, 294716.36334767693, 294642.4927908501, 294642.4927908501, 294642.4927908501, 294536.7670839951, 294536.7670839951, 294467.2802700793, 294467.2802700793, 294467.2802700793, 294467.2802700793, 294467.2802700793, 294400.2203153157, 294400.2203153157, 294319.7861905261, 294319.7861905261, 294262.44204718154, 294262.44204718154, 294252.4967018417, 294179.2286985049, 294179.2286985049, 294178.03147413646, 294178.03147413646]
