pop_size = 100
epochs = 200
now_time: 2024_03_19_18_29_18
fit =[2595440.439376549, 2365576.415909889, 2230672.637323426, 2230672.637323426, 2168896.6272493787, 2168896.6272493787, 1993101.1925152878, 1993101.1925152878, 1993101.1925152878, 1993101.1925152878, 1993101.1925152878, 1917732.1330409255, 1917732.1330409255, 1768332.5942235864, 1768332.5942235864, 1744265.6381943175, 1609339.9991984842, 1609339.9991984842, 1609339.9991984842, 1581434.893515177, 1557546.2083928445, 1555555.4927772493, 1555555.4927772493, 1415952.5909895373, 1327007.595485965, 1327007.595485965, 1327007.595485965, 1327007.595485965, 1327007.595485965, 1217566.268944823, 1217566.268944823, 1217566.268944823, 1217566.268944823, 1217566.268944823, 1134838.0612325391, 1134838.0612325391, 1134838.0612325391, 1083759.945491624, 1061999.2275028718, 1042589.2068570014, 1042589.2068570014, 991600.3373866796, 960952.1245288952, 960952.1245288952, 940385.121609482, 903636.6632524095, 903636.6632524095, 879429.2113019635, 873294.5941438593, 806385.6001498391, 806385.6001498391, 806385.6001498391, 806385.6001498391, 800492.7452038333, 724700.4796993504, 678324.5576700766, 678324.5576700766, 675995.2540699762, 660459.2692212334, 660459.2692212334, 646224.2384920191, 633054.8819755851, 632195.9439252759, 621756.4885192725, 621756.4885192725, 584015.4663921511, 533199.244119394, 533199.244119394, 533199.244119394, 533199.244119394, 533199.244119394, 491743.87939943327, 491743.87939943327, 491743.87939943327, 474135.1449667109, 474135.1449667109, 474135.1449667109, 474135.1449667109, 461122.0845017921, 455569.0815037562, 430088.85528767353, 430088.85528767353, 415500.5382002281, 398947.97048748855, 398725.8524007809, 398725.8524007809, 398725.8524007809, 398725.8524007809, 387271.1421640484, 371053.5429712175, 371053.5429712175, 366236.18628761696, 352283.89692628407, 352283.89692628407, 344259.3006558701, 341032.27521292877, 341032.27521292877, 341032.27521292877, 341032.27521292877, 341032.27521292877, 338484.9030087469, 336469.4829924591, 336469.4829924591, 332619.6443340561, 332619.6443340561, 329723.0566258157, 316008.4548701175, 316008.4548701175, 316008.4548701175, 316008.4548701175, 316008.4548701175, 316008.4548701175, 316008.4548701175, 316008.4548701175, 316008.4548701175, 316008.4548701175, 316008.4548701175, 316008.4548701175, 316008.4548701175, 314878.69493289856, 313341.6274940849, 310016.9935147962, 310016.9935147962, 308763.91126410326, 306172.79289504996, 306172.79289504996, 306172.79289504996, 306172.79289504996, 306172.79289504996, 306172.79289504996, 306172.79289504996, 306172.79289504996, 306172.79289504996, 304499.6229979264, 304499.6229979264, 304499.6229979264, 304499.6229979264, 304499.6229979264, 304499.6229979264, 303561.26609277504, 303017.42320903053, 303017.42320903053, 302671.347750894, 302671.347750894, 302671.347750894, 301468.9594317132, 301468.9594317132, 300272.49020797125, 300272.49020797125, 300272.49020797125, 299936.699165067, 299936.699165067, 299303.9293030219, 299278.44117156166, 299278.44117156166, 299278.44117156166, 299278.44117156166, 299166.4880455589, 298276.28445496835, 298276.28445496835, 298276.28445496835, 298276.28445496835, 298276.28445496835, 298276.28445496835, 298079.12739829044, 298079.12739829044, 298079.12739829044, 298079.12739829044, 298079.12739829044, 298079.12739829044, 298079.12739829044, 298079.12739829044, 298079.12739829044, 297866.31767147215, 297827.8351499361, 297805.69593021256, 297805.69593021256, 297745.4171309693, 297745.4171309693, 297745.4171309693, 297559.5559114541, 297559.5559114541, 297559.5559114541, 297479.7659788741, 297479.7659788741, 297375.9777455943, 297372.4055285073, 297283.4570411235, 297178.6294777107, 297178.6294777107, 296778.4783007623, 296778.4783007623, 296778.4783007623, 296778.4783007623, 296778.4783007623, 296778.4783007623, 296778.4783007623, 296691.9645100614, 296645.7303190457, 296645.7303190457]
